	MA1	MA1a	MA2	MA3	MA4	MA5	MA6	MA7	MA8	MA9	MA10	disSpring	temp	flow	pH	cond	Cl	NO3	SO4	Na	Mg	Ca	K	oP	DP	TP	H4SiO4	DOC	TOC	Location	Phormidium autumnale	Phormidium spec	Achnanthidium spec	Amphora spec	Cocconeis spec	Cyclotella spec	Cymbella spec	Diatoma vulgaris	Gomphonema truncatum	Gomphonema olivaceum	Gyrosigma attenuatum	Melosira varians	Meridion circulare	Navicula spec	Nitzschia spec	Rhoicosphenia abbreviata	Stauroneis smithii	Surirella brebissonii	Synedra spec	Tabellaria flocculosa	Botryococcus spec	unidentified green algae small spherical	Oedogonium spec	Ulothrix spec	Red algae small colonial	Protozoa
A1R1	73	207	440	2459	1029	632	992	428	695	885	293	0.002	5.7	0.005	7.11	0.68	69.9	1.2	5	29.9	22.1	112.8	25.1	17.2	19.2	1135	10.3	3.2	20.8	A	0	1	1	0	1	0	0	0	0	1	0	0	0	1	1	1	1	1	0	0	1	1	1	0	1	1
A1R2	127	402	767	1712	664	230	666	620	930	1349	128	0.002	5.7	0.005	7.11	0.68	69.9	1.2	5	29.9	22.1	112.8	25.1	17.2	19.2	1135	10.3	3.2	20.8	A	0	1	1	0	1	0	0	0	0	1	0	0	0	1	0	1	0	1	0	0	0	1	1	0	1	1
A1R3	46	140	346	2257	912	309	1205	513	1186	827	102	0.002	5.7	0.005	7.11	0.68	69.9	1.2	5	29.9	22.1	112.8	25.1	17.2	19.2	1135	10.3	3.2	20.8	A	0	1	1	0	1	0	0	0	1	1	0	0	0	1	0	1	1	1	0	0	1	1	1	0	1	1
A2R1	291	147	698	465	227	45	293	1314	1670	2215	268	2.5	7.4	0.11	7.94	0.54	5.6	1	6	4.2	21	97.3	1.1	3.8	7.3	43.6	4.8	3.3	3.7	B	1	0	1	0	1	0	1	1	0	0	0	0	1	1	1	1	1	1	0	0	0	1	1	0	1	0
A2R2	570	136	1585	752	463	79	370	781	926	1390	441	2.5	7.4	0.11	7.94	0.54	5.6	1	6	4.2	21	97.3	1.1	3.8	7.3	43.6	4.8	3.3	3.7	B	1	0	0	0	1	0	1	0	0	1	1	0	1	1	0	0	1	1	0	0	0	1	1	0	1	0
A2R3	182	213	455	566	305	45	408	1288	1940	1535	138	2.5	7.4	0.11	7.94	0.54	5.6	1	6	4.2	21	97.3	1.1	3.8	7.3	43.6	4.8	3.3	3.7	B	1	0	1	1	1	0	0	1	0	1	0	0	0	1	0	0	0	1	1	0	0	1	1	0	1	0
A3R1	51	43	60	3729	1033	568	2152	140	127	410	68	4	9.2	0.34	8.01	0.56	14.2	2	9	8.4	20.5	95.3	1.7	5.8	7.6	15.4	6.2	2.1	2.5	C	0	0	1	1	1	1	1	1	0	1	0	1	1	1	1	1	1	1	1	0	0	1	0	0	0	0
A3R2	52	42	87	2482	1554	819	933	335	570	887	182	4	9.2	0.34	8.01	0.56	14.2	2	9	8.4	20.5	95.3	1.7	5.8	7.6	15.4	6.2	2.1	2.5	C	0	0	1	0	1	1	1	1	0	1	0	0	1	1	1	1	1	1	1	0	0	1	0	0	1	0
A3R3	65	103	79	3029	1709	858	1048	258	309	463	85	4	9.2	0.34	8.01	0.56	14.2	2	9	8.4	20.5	95.3	1.7	5.8	7.6	15.4	6.2	2.1	2.5	C	0	0	1	1	1	1	1	1	0	1	0	0	1	1	0	1	1	1	1	0	1	1	1	0	1	0
A4R1	415	507	415	634	329	55	352	1043	849	1364	47	4.2	11.4	0.24	7.83	0.84	78.4	10.9	48	57.1	19	98.2	16	5.6	14.8	23.3	12.6	3.4	3.6	D	0	0	1	0	1	0	1	0	0	0	0	0	0	0	1	0	1	0	0	0	1	1	1	0	1	0
A4R2	136	212	165	1597	533	163	1692	737	1272	764	177	4.2	11.4	0.24	7.83	0.84	78.4	10.9	48	57.1	19	98.2	16	5.6	14.8	23.3	12.6	3.4	3.6	D	0	0	1	1	1	0	1	1	0	1	0	0	0	0	1	1	1	1	0	0	0	1	1	0	1	0
A4R3	374	662	277	1141	475	126	945	834	1413	1409	168	4.2	11.4	0.24	7.83	0.84	78.4	10.9	48	57.1	19	98.2	16	5.6	14.8	23.3	12.6	3.4	3.6	D	0	0	1	1	1	1	1	1	0	0	0	0	0	1	0	1	1	1	0	0	1	1	1	0	1	0
A5R1	130	163	144	1006	405	339	623	622	1219	2414	959	7.86	11.3	0.06	7.94	0.68	38	5.4	23	24.6	18.8	96.5	6.1	3.8	8.3	13.1	9.3	2.8	3	E	0	0	1	1	1	0	1	1	0	1	0	1	0	0	0	0	1	1	1	0	0	1	1	0	1	0
A5R2	238	140	301	1156	428	276	780	702	1265	2063	817	7.86	11.3	0.06	7.94	0.68	38	5.4	23	24.6	18.8	96.5	6.1	3.8	8.3	13.1	9.3	2.8	3	E	0	0	1	1	1	0	1	1	0	1	1	1	0	1	1	0	1	1	0	0	0	1	1	0	1	0
A5R3	54	171	68	755	375	146	367	983	1685	2251	567	7.86	11.3	0.06	7.94	0.68	38	5.4	23	24.6	18.8	96.5	6.1	3.8	8.3	13.1	9.3	2.8	3	E	0	0	1	1	1	0	1	1	0	1	0	1	0	1	1	0	1	0	0	0	0	1	1	0	1	0
A6R1	8	28	14	971	521	225	597	613	879	2114	1639	10.86	9.7	0.05	7.92	0.65	44.6	5.3	26	29.3	21.1	93	6.1	56.6	66.8	73.3	6.7	2.6	2.8	F	0	0	0	1	1	0	1	0	0	1	0	1	0	1	1	0	1	1	1	1	1	1	0	0	1	0
A6R2	130	51	203	1606	631	551	898	527	848	1826	1056	10.86	9.7	0.05	7.92	0.65	44.6	5.3	26	29.3	21.1	93	6.1	56.6	66.8	73.3	6.7	2.6	2.8	F	0	0	0	1	1	0	1	1	0	1	1	1	0	1	1	1	1	1	1	0	0	1	0	1	1	0
A6R3	47	129	120	976	624	243	495	853	1504	1995	690	10.86	9.7	0.05	7.92	0.65	44.6	5.3	26	29.3	21.1	93	6.1	56.6	66.8	73.3	6.7	2.6	2.8	F	0	0	0	0	1	0	1	1	0	1	0	1	0	1	1	1	1	1	1	0	1	0	0	1	1	0
