	LA1	LA2	LA3	LA4	LA5	LA6	LA7	LA8	LA9	LA10	LA11	LA12	LA13	LA14	LA15	time
K1t0	208	97	1144	112	16	1260	329	48	439	159	52	169	173	319	461	t0
K3t0	160	56	1176	100	16	1430	372	53	452	125	54	148	149	268	366	t0
K5t0	132	64	1186	97	11	1503	405	24	428	120	64	109	140	283	362	t0
K7t0	74	36	969	95	10	1103	266	40	378	97	66	138	158	280	335	t0
K9t0	66	33	1415	109	11	1415	306	29	509	115	41	154	187	283	320	t0
K1t1	137	81	857	258	19	846	119	188	393	109	84	292	381	444	624	t1
K3t1	184	138	841	297	27	769	115	250	406	117	121	285	268	356	602	t1
K5t1	105	92	795	276	75	732	62	281	420	114	186	258	289	437	561	t1
K7t1	45	42	715	31	21	718	96	231	347	75	117	414	312	528	793	t1
K9t1	59	69	715	343	34	734	60	293	382	103	103	301	265	465	851	t1
K1t2	156	176	921	241	15	895	152	179	375	104	108	330	243	399	562	t2
K3t2	277	244	763	226	61	717	85	174	351	164	198	204	253	416	594	t2
K5t2	94	114	642	387	54	766	43	256	361	94	256	300	294	567	700	t2
K7t2	32	35	575	305	22	653	130	234	258	47	142	424	253	423	719	t2
K9t2	71	83	672	35	34	921	76	224	346	87	126	334	313	516	922	t2
K1t3	88	65	855	226	11	976	212	140	362	116	59	340	230	469	691	t3
K3t3	257	198	750	227	31	795	90	146	382	205	140	258	240	394	571	t3
K5t3	230	185	842	239	17	847	119	148	448	152	119	190	228	376	548	t3
K7t3	39	34	865	273	9	996	142	179	434	103	83	345	290	415	710	t3
K9t3	141	150	860	238	22	926	120	134	467	179	88	173	208	377	577	t3
